Episode=103, Win=1, Lose=0, WinRate=0.9803921568627451%, Elapsed_time=0:00:22.187635
[[[0, 1, 1, 5, 5, 0], [1, 1, 1, 5, 5, 5], [1, 1, 1, 5, 5, 4], [5, 5, 5, 5, 5, 5], [5, 5, 5, 5, 5, 5], [4, 5, 5, 5, 5, 2]], True] : [2.5 0.  0.  0.  0.  0. ]
[[[0, 0, 0, 0, 0, 0], [0, 0, 0, 0, 0, 0], [0, 0, 0, 0, 0, 0], [0, 0, 0, 0, 0, 0], [0, 0, 0, 0, 0, 0], [0, 0, 0, 0, 0, 0]], True] : [-0.1  0.   0.   0.   0.   0. ]
[[[0, 2, 4, 4, 1, 1], [2, 2, 4, 4, 4, 1], [4, 4, 4, 4, 4, 1], [2, 2, 4, 2, 2, 2], [2, 2, 2, 2, 2, 2], [3, 2, 2, 2, 2, 2]], True] : [-0.1   0.95  0.    0.    0.    0.  ]
[[[1, 1, 4, 4, 4, 3], [1, 4, 4, 4, 4, 4], [1, 1, 2, 4, 4, 4], [1, 1, 1, 1, 1, 1], [1, 1, 1, 1, 1, 1], [3, 1, 1, 1, 2, 4]], True] : [-0.1  0.   0.   0.   0.   0. ]
[[[0, 0, 4, 4, 4, 3], [0, 4, 4, 4, 4, 4], [0, 0, 2, 4, 4, 4], [0, 0, 0, 0, 0, 0], [0, 0, 0, 0, 0, 0], [3, 0, 0, 0, 2, 4]], True] : [-0.1 -0.1  0.   0.   0.   0. ]
[[[1, 5, 5, 5, 5, 5], [5, 5, 5, 5, 5, 5], [5, 5, 5, 5, 5, 5], [5, 5, 5, 5, 5, 5], [5, 5, 5, 5, 5, 5], [5, 5, 5, 5, 5, 3]], True] : [-0.1  0.   0.   0.   0.   0. ]
[[[0, 5, 5, 5, 5, 5], [5, 5, 5, 5, 5, 5], [5, 5, 5, 5, 5, 5], [5, 5, 5, 5, 5, 5], [5, 5, 5, 5, 5, 5], [5, 5, 5, 5, 5, 3]], True] : [-0.1 -0.1  0.   0.   0.   0. ]
[[[1, 5, 2, 2, 2, 3], [2, 2, 2, 2, 2, 2], [5, 2, 5, 2, 2, 2], [5, 5, 2, 5, 2, 2], [5, 5, 2, 5, 2, 2], [1, 5, 5, 2, 2, 2]], True] : [-0.1  0.   0.   0.   0.   0. ]
[[[0, 5, 2, 2, 2, 3], [2, 2, 2, 2, 2, 2], [5, 2, 5, 2, 2, 2], [5, 5, 2, 5, 2, 2], [5, 5, 2, 5, 2, 2], [1, 5, 5, 2, 2, 2]], True] : [-0.1 -0.1  0.   0.   0.   0. ]
[[[1, 3, 3, 2, 4, 4], [2, 3, 3, 3, 3, 4], [3, 3, 3, 3, 3, 3], [3, 3, 3, 3, 4, 4], [3, 3, 3, 3, 3, 3], [0, 3, 3, 3, 3, 1]], True] : [-0.1  0.   0.   0.   0.   0. ]
[[[0, 3, 3, 2, 4, 4], [2, 3, 3, 3, 3, 4], [3, 3, 3, 3, 3, 3], [3, 3, 3, 3, 4, 4], [3, 3, 3, 3, 3, 3], [0, 3, 3, 3, 3, 1]], True] : [0.  0.  0.  1.3 0.  0. ]
[[[3, 3, 3, 2, 4, 4], [2, 3, 3, 3, 3, 4], [3, 3, 3, 3, 3, 3], [3, 3, 3, 3, 4, 4], [3, 3, 3, 3, 3, 3], [0, 3, 3, 3, 3, 1]], True] : [ 0.   0.   0.   0.   0.  -0.1]
[[[5, 5, 5, 2, 4, 4], [2, 5, 5, 5, 5, 4], [5, 5, 5, 5, 5, 5], [5, 5, 5, 5, 4, 4], [5, 5, 5, 5, 5, 5], [0, 5, 5, 5, 5, 1]], True] : [0.05 0.   0.   0.   0.   0.  ]
[[[0, 0, 0, 2, 4, 4], [2, 0, 0, 0, 0, 4], [0, 0, 0, 0, 0, 0], [0, 0, 0, 0, 4, 4], [0, 0, 0, 0, 0, 0], [0, 0, 0, 0, 0, 1]], True] : [-0.1 -0.1  0.   0.   0.   0. ]
[[[1, 2, 2, 2, 1, 5], [2, 2, 2, 2, 2, 2], [2, 2, 0, 0, 2, 1], [2, 2, 0, 0, 0, 0], [2, 2, 2, 0, 2, 2], [2, 2, 2, 2, 2, 4]], True] : [-0.1  0.   0.   0.   0.   0. ]
[[[0, 2, 2, 2, 1, 5], [2, 2, 2, 2, 2, 2], [2, 2, 0, 0, 2, 1], [2, 2, 0, 0, 0, 0], [2, 2, 2, 0, 2, 2], [2, 2, 2, 2, 2, 4]], True] : [-0.1 -0.1  0.   0.   0.   0. ]
[[[1, 3, 5, 0, 1, 3], [3, 3, 0, 0, 1, 1], [3, 0, 0, 0, 1, 1], [3, 1, 0, 1, 1, 1], [1, 1, 1, 1, 1, 0], [0, 3, 1, 1, 1, 1]], True] : [-0.1  0.   0.   0.   0.   0. ]
[[[0, 3, 5, 0, 1, 3], [3, 3, 0, 0, 1, 1], [3, 0, 0, 0, 1, 1], [3, 1, 0, 1, 1, 1], [1, 1, 1, 1, 1, 0], [0, 3, 1, 1, 1, 1]], True] : [-0.1 -0.1  0.   0.   0.   0. ]
[[[1, 3, 3, 3, 3, 1], [3, 3, 3, 3, 3, 2], [3, 3, 3, 3, 3, 2], [3, 3, 2, 2, 2, 2], [3, 2, 2, 2, 2, 2], [2, 3, 2, 2, 2, 1]], True] : [-0.1  0.   0.   0.   0.   0. ]
[[[0, 3, 3, 3, 3, 1], [3, 3, 3, 3, 3, 2], [3, 3, 3, 3, 3, 2], [3, 3, 2, 2, 2, 2], [3, 2, 2, 2, 2, 2], [2, 3, 2, 2, 2, 1]], True] : [-0.1 -0.1  0.   0.   0.   0. ]
[[[1, 3, 3, 3, 2, 2], [3, 3, 3, 3, 3, 2], [3, 3, 3, 3, 3, 3], [3, 3, 3, 3, 3, 3], [3, 3, 3, 3, 3, 3], [2, 3, 3, 3, 3, 1]], True] : [-0.1  0.   0.   0.   0.   0. ]
[[[0, 3, 3, 3, 2, 2], [3, 3, 3, 3, 3, 2], [3, 3, 3, 3, 3, 3], [3, 3, 3, 3, 3, 3], [3, 3, 3, 3, 3, 3], [2, 3, 3, 3, 3, 1]], True] : [-0.1 -0.1  0.   0.   0.   0. ]
[[[1, 3, 3, 3, 3, 0], [3, 3, 3, 3, 3, 3], [2, 3, 3, 3, 3, 3], [2, 2, 2, 2, 3, 2], [2, 2, 2, 2, 2, 2], [4, 1, 2, 0, 2, 2]], True] : [-0.1  0.   0.   0.   0.   0. ]
[[[0, 3, 3, 3, 3, 0], [3, 3, 3, 3, 3, 3], [2, 3, 3, 3, 3, 3], [2, 2, 2, 2, 3, 2], [2, 2, 2, 2, 2, 2], [4, 1, 2, 0, 2, 2]], True] : [-0.1 -0.1  0.   0.   0.   0. ]
[[[1, 4, 4, 4, 4, 1], [4, 4, 4, 4, 4, 4], [4, 4, 4, 4, 4, 4], [0, 4, 4, 4, 4, 4], [1, 4, 4, 4, 4, 4], [0, 4, 4, 4, 4, 3]], True] : [-0.1  0.   0.   0.   0.   0. ]
[[[0, 4, 4, 4, 4, 1], [4, 4, 4, 4, 4, 4], [4, 4, 4, 4, 4, 4], [0, 4, 4, 4, 4, 4], [1, 4, 4, 4, 4, 4], [0, 4, 4, 4, 4, 3]], True] : [-0.1 -0.1  0.   0.   0.   0. ]
[[[1, 0, 4, 4, 0, 5], [0, 4, 0, 4, 0, 0], [0, 0, 0, 0, 0, 0], [0, 0, 0, 0, 0, 0], [0, 0, 0, 0, 0, 0], [5, 0, 0, 0, 0, 5]], True] : [1.4 0.  0.  0.  0.  0. ]
[[[0, 0, 4, 4, 0, 5], [0, 4, 0, 4, 0, 0], [0, 0, 0, 0, 0, 0], [0, 0, 0, 0, 0, 0], [0, 0, 0, 0, 0, 0], [5, 0, 0, 0, 0, 5]], True] : [-0.1 -0.1  0.   0.   0.   0. ]
[[[1, 1, 1, 1, 1, 3], [1, 1, 1, 1, 1, 1], [1, 1, 1, 1, 1, 1], [1, 1, 1, 1, 1, 1], [1, 1, 1, 1, 1, 1], [2, 1, 1, 1, 1, 1]], True] : [-0.1  0.   0.   0.   0.   0. ]
[[[0, 0, 0, 0, 0, 3], [0, 0, 0, 0, 0, 0], [0, 0, 0, 0, 0, 0], [0, 0, 0, 0, 0, 0], [0, 0, 0, 0, 0, 0], [2, 0, 0, 0, 0, 0]], True] : [-0.1 -0.1  0.   0.   0.   0. ]
[[[1, 1, 1, 0, 2, 0], [1, 1, 1, 0, 0, 0], [0, 1, 1, 0, 0, 2], [0, 0, 0, 0, 0, 0], [0, 0, 0, 0, 0, 0], [4, 0, 0, 0, 0, 1]], True] : [1.2 0.  0.  0.  0.  0. ]
[[[0, 0, 0, 0, 2, 0], [0, 0, 0, 0, 0, 0], [0, 0, 0, 0, 0, 2], [0, 0, 0, 0, 0, 0], [0, 0, 0, 0, 0, 0], [4, 0, 0, 0, 0, 1]], True] : [-0.1 -0.1  0.   0.   0.   0. ]
[[[1, 5, 2, 5, 5, 4], [5, 5, 5, 5, 5, 5], [1, 5, 5, 5, 5, 5], [5, 5, 5, 5, 5, 5], [5, 5, 5, 5, 5, 5], [5, 5, 5, 5, 5, 3]], True] : [-0.1  0.   0.   0.   0.   0. ]
[[[0, 5, 2, 5, 5, 4], [5, 5, 5, 5, 5, 5], [1, 5, 5, 5, 5, 5], [5, 5, 5, 5, 5, 5], [5, 5, 5, 5, 5, 5], [5, 5, 5, 5, 5, 3]], True] : [-0.1 -0.1  0.   0.   0.   0. ]
[[[1, 4, 4, 4, 4, 1], [4, 4, 4, 4, 4, 4], [4, 4, 4, 4, 4, 4], [4, 4, 4, 4, 4, 4], [4, 4, 4, 4, 4, 4], [0, 4, 4, 4, 4, 4]], True] : [-0.1  0.   0.   0.   0.   0. ]
[[[0, 4, 4, 4, 4, 1], [4, 4, 4, 4, 4, 4], [4, 4, 4, 4, 4, 4], [4, 4, 4, 4, 4, 4], [4, 4, 4, 4, 4, 4], [0, 4, 4, 4, 4, 4]], True] : [-0.1 -0.1  0.   0.   0.   0. ]
[[[1, 5, 5, 5, 1, 0], [5, 5, 5, 3, 5, 4], [5, 5, 3, 3, 3, 3], [3, 3, 3, 3, 3, 3], [3, 3, 3, 3, 3, 3], [2, 3, 3, 3, 3, 3]], True] : [-0.1 -0.1  0.   0.   0.   0. ]
[[[0, 5, 5, 4, 4, 1], [5, 5, 5, 1, 1, 4], [5, 5, 1, 5, 1, 1], [3, 5, 5, 5, 1, 1], [1, 1, 5, 5, 1, 1], [4, 1, 1, 1, 1, 2]], True] : [-0.1 -0.1  0.   0.   0.   0. ]
[[[1, 3, 3, 3, 1, 4], [3, 3, 3, 1, 1, 1], [3, 3, 3, 1, 1, 1], [3, 3, 3, 3, 1, 1], [3, 3, 3, 3, 1, 1], [2, 3, 3, 3, 1, 3]], True] : [-0.1  0.   0.   0.   0.   0. ]
[[[0, 3, 3, 3, 1, 4], [3, 3, 3, 1, 1, 1], [3, 3, 3, 1, 1, 1], [3, 3, 3, 3, 1, 1], [3, 3, 3, 3, 1, 1], [2, 3, 3, 3, 1, 3]], True] : [-0.1   0.05  0.    0.    0.    0.  ]
[[[1, 2, 3, 1, 1, 0], [1, 3, 3, 1, 3, 1], [3, 3, 3, 3, 3, 3], [2, 3, 3, 3, 3, 3], [3, 3, 3, 3, 3, 3], [1, 3, 3, 3, 3, 0]], True] : [-0.1  0.   0.   0.   0.   0. ]
[[[0, 2, 3, 1, 1, 0], [0, 3, 3, 1, 3, 1], [3, 3, 3, 3, 3, 3], [2, 3, 3, 3, 3, 3], [3, 3, 3, 3, 3, 3], [1, 3, 3, 3, 3, 0]], True] : [-0.1 -0.1  0.   0.   0.   0. ]
[[[1, 2, 5, 2, 4, 5], [5, 2, 2, 2, 2, 2], [5, 2, 2, 2, 2, 2], [5, 5, 2, 2, 2, 2], [5, 5, 2, 2, 2, 2], [4, 5, 5, 2, 2, 5]], True] : [-0.1  0.   0.   0.   0.   0. ]
[[[0, 2, 5, 2, 4, 5], [5, 2, 2, 2, 2, 2], [5, 2, 2, 2, 2, 2], [5, 5, 2, 2, 2, 2], [5, 5, 2, 2, 2, 2], [4, 5, 5, 2, 2, 5]], True] : [-0.1 -0.1  0.   0.   0.   0. ]
[[[1, 0, 2, 2, 2, 2], [1, 0, 2, 2, 2, 2], [0, 0, 0, 2, 2, 2], [0, 0, 0, 2, 2, 2], [0, 0, 0, 2, 2, 2], [0, 0, 2, 2, 2, 4]], True] : [0.65 0.   0.   0.   0.   0.  ]
[[[0, 0, 2, 2, 2, 2], [0, 0, 2, 2, 2, 2], [0, 0, 0, 2, 2, 2], [0, 0, 0, 2, 2, 2], [0, 0, 0, 2, 2, 2], [0, 0, 2, 2, 2, 4]], True] : [-0.1 -0.1  0.   0.   0.   0. ]
[[[1, 3, 2, 2, 3, 2], [3, 2, 3, 2, 2, 3], [3, 3, 2, 2, 2, 2], [3, 3, 2, 2, 2, 2], [3, 2, 2, 2, 2, 3], [4, 3, 2, 2, 4, 4]], True] : [-0.1  0.   0.   0.   0.   0. ]
[[[0, 3, 2, 2, 3, 2], [3, 2, 3, 2, 2, 3], [3, 3, 2, 2, 2, 2], [3, 3, 2, 2, 2, 2], [3, 2, 2, 2, 2, 3], [4, 3, 2, 2, 4, 4]], True] : [-0.1  0.1  0.   0.   0.   0. ]
[[[1, 1, 1, 3, 1, 2], [1, 1, 1, 1, 1, 1], [1, 1, 1, 1, 1, 1], [5, 1, 5, 5, 5, 5], [5, 5, 5, 5, 5, 5], [4, 0, 5, 5, 5, 5]], True] : [-0.1  0.   0.   0.   0.   0. ]
[[[0, 0, 0, 3, 0, 2], [0, 0, 0, 0, 0, 0], [0, 0, 0, 0, 0, 0], [5, 0, 5, 5, 5, 5], [5, 5, 5, 5, 5, 5], [4, 0, 5, 5, 5, 5]], True] : [-0.1 -0.1  0.   0.   0.   0. ]
[[[1, 5, 5, 0, 5, 2], [5, 5, 5, 5, 5, 5], [5, 5, 5, 5, 5, 5], [1, 5, 5, 5, 5, 4], [5, 5, 5, 5, 5, 0], [1, 5, 1, 5, 5, 4]], True] : [-0.1  0.   0.   0.   0.   0. ]
[[[0, 5, 5, 0, 5, 2], [5, 5, 5, 5, 5, 5], [5, 5, 5, 5, 5, 5], [1, 5, 5, 5, 5, 4], [5, 5, 5, 5, 5, 0], [1, 5, 1, 5, 5, 4]], True] : [-0.1 -0.1  0.   0.   0.   0. ]
[[[1, 0, 0, 0, 0, 0], [0, 0, 0, 0, 0, 3], [4, 0, 0, 0, 0, 0], [2, 0, 0, 0, 0, 3], [2, 2, 2, 0, 0, 2], [0, 2, 2, 2, 2, 1]], True] : [1.05 0.   0.   0.   0.   0.  ]
[[[0, 0, 0, 0, 0, 0], [0, 0, 0, 0, 0, 3], [4, 0, 0, 0, 0, 0], [2, 0, 0, 0, 0, 3], [2, 2, 2, 0, 0, 2], [0, 2, 2, 2, 2, 1]], True] : [-0.1 -0.1  0.   0.   0.   0. ]
[[[1, 4, 4, 4, 5, 3], [4, 4, 4, 4, 5, 5], [4, 4, 4, 4, 5, 5], [4, 4, 4, 4, 4, 0], [4, 0, 0, 4, 4, 4], [4, 4, 0, 0, 4, 2]], True] : [-0.1  0.   0.   0.   0.   0. ]
[[[0, 4, 4, 4, 5, 3], [4, 4, 4, 4, 5, 5], [4, 4, 4, 4, 5, 5], [4, 4, 4, 4, 4, 0], [4, 0, 0, 4, 4, 4], [4, 4, 0, 0, 4, 2]], True] : [-0.1  0.   0.   0.  -0.1  0. ]
[[[4, 0, 0, 0, 0, 4], [2, 2, 2, 2, 0, 0], [2, 2, 2, 0, 2, 0], [2, 2, 2, 0, 0, 2], [2, 2, 2, 2, 2, 2], [1, 4, 2, 2, 2, 4]], True] : [0.35 0.   0.   0.   0.   0.  ]
[[[0, 0, 0, 0, 0, 4], [2, 2, 2, 2, 0, 0], [2, 2, 2, 0, 2, 0], [2, 2, 2, 0, 0, 2], [2, 2, 2, 2, 2, 2], [1, 4, 2, 2, 2, 4]], True] : [-0.1 -0.1  0.   0.   0.   0. ]
[[[1, 1, 0, 0, 4, 2], [1, 1, 1, 0, 0, 0], [1, 1, 1, 1, 0, 0], [0, 0, 1, 0, 3, 0], [0, 0, 0, 0, 0, 0], [1, 0, 0, 0, 0, 2]], True] : [1.05 0.   0.   0.   0.   0.  ]
[[[0, 0, 0, 0, 4, 2], [0, 0, 0, 0, 0, 0], [0, 0, 0, 0, 0, 0], [0, 0, 0, 0, 3, 0], [0, 0, 0, 0, 0, 0], [1, 0, 0, 0, 0, 2]], True] : [-0.1 -0.1  0.   0.   0.   0. ]
[[[1, 1, 3, 1, 3, 0], [1, 1, 1, 1, 1, 3], [1, 1, 1, 1, 3, 3], [1, 3, 1, 1, 1, 3], [3, 3, 1, 1, 3, 3], [2, 3, 3, 1, 3, 0]], True] : [-0.1  0.   0.   0.   0.   0. ]
[[[0, 0, 3, 0, 3, 0], [0, 0, 0, 0, 0, 3], [0, 0, 0, 0, 3, 3], [0, 3, 0, 0, 0, 3], [3, 3, 0, 0, 3, 3], [2, 3, 3, 0, 3, 0]], True] : [-0.1   1.25  0.    0.    0.    0.  ]
[[[1, 1, 1, 3, 3, 5], [1, 1, 1, 1, 1, 1], [3, 1, 1, 1, 1, 1], [1, 1, 1, 1, 1, 3], [1, 1, 1, 1, 3, 3], [2, 1, 1, 1, 3, 5]], True] : [-0.1  0.   0.   0.   0.   0. ]
[[[0, 0, 0, 3, 3, 5], [0, 0, 0, 0, 0, 0], [3, 0, 0, 0, 0, 0], [0, 0, 0, 0, 0, 3], [0, 0, 0, 0, 3, 3], [2, 0, 0, 0, 3, 5]], True] : [-0.1 -0.1  0.   0.   0.   0. ]
[[[1, 2, 2, 2, 2, 2], [2, 2, 2, 2, 2, 2], [2, 2, 2, 2, 2, 2], [2, 2, 2, 2, 2, 2], [2, 2, 2, 2, 2, 2], [4, 2, 2, 2, 2, 4]], True] : [-0.1  0.   0.   0.   0.   0. ]
[[[0, 2, 2, 2, 2, 2], [2, 2, 2, 2, 2, 2], [2, 2, 2, 2, 2, 2], [2, 2, 2, 2, 2, 2], [2, 2, 2, 2, 2, 2], [4, 2, 2, 2, 2, 4]], True] : [-0.1 -0.1  0.   0.   0.   0. ]
[[[1, 5, 5, 5, 5, 4], [5, 5, 5, 5, 5, 5], [5, 5, 5, 5, 5, 5], [5, 5, 5, 5, 5, 5], [5, 5, 5, 5, 5, 5], [1, 5, 5, 5, 5, 1]], True] : [0.  0.  0.  0.  0.  1.6]
[[[5, 5, 5, 5, 5, 4], [5, 5, 5, 5, 5, 5], [5, 5, 5, 5, 5, 5], [5, 5, 5, 5, 5, 5], [5, 5, 5, 5, 5, 5], [1, 5, 5, 5, 5, 1]], True] : [-0.1  0.   0.   0.   0.   0. ]
[[[0, 0, 0, 0, 0, 4], [0, 0, 0, 0, 0, 0], [0, 0, 0, 0, 0, 0], [0, 0, 0, 0, 0, 0], [0, 0, 0, 0, 0, 0], [1, 0, 0, 0, 0, 1]], True] : [-0.1 -0.1  0.   0.   0.   0. ]
[[[1, 3, 3, 3, 3, 2], [3, 3, 3, 3, 5, 5], [3, 3, 3, 3, 5, 5], [3, 3, 3, 3, 5, 5], [3, 3, 3, 5, 5, 5], [3, 3, 3, 5, 5, 4]], True] : [-0.1  0.   0.   0.   0.   0. ]
[[[0, 3, 3, 3, 3, 2], [3, 3, 3, 3, 5, 5], [3, 3, 3, 3, 5, 5], [3, 3, 3, 3, 5, 5], [3, 3, 3, 5, 5, 5], [3, 3, 3, 5, 5, 4]], True] : [-0.1 -0.1  0.   0.   0.   0. ]
[[[1, 5, 5, 5, 5, 2], [5, 5, 5, 5, 5, 5], [5, 5, 5, 2, 5, 5], [2, 2, 5, 2, 2, 1], [2, 2, 2, 2, 5, 5], [4, 2, 2, 5, 5, 3]], True] : [-0.1  0.   0.   0.   0.   0. ]
[[[0, 5, 5, 5, 5, 2], [5, 5, 5, 5, 5, 5], [5, 5, 5, 2, 5, 5], [2, 2, 5, 2, 2, 1], [2, 2, 2, 2, 5, 5], [4, 2, 2, 5, 5, 3]], True] : [-0.1 -0.1  0.   0.   0.   0. ]
[[[1, 5, 5, 0, 2, 0], [5, 5, 5, 5, 2, 2], [2, 2, 5, 2, 2, 2], [2, 2, 2, 2, 2, 2], [1, 2, 2, 2, 2, 2], [0, 2, 2, 2, 2, 2]], True] : [-0.1  0.   0.   0.   0.   0. ]
[[[0, 5, 5, 0, 2, 0], [5, 5, 5, 5, 2, 2], [2, 2, 5, 2, 2, 2], [2, 2, 2, 2, 2, 2], [1, 2, 2, 2, 2, 2], [0, 2, 2, 2, 2, 2]], True] : [-0.1 -0.1  0.   0.   0.   0. ]
[[[1, 4, 4, 4, 4, 0], [4, 4, 4, 4, 4, 0], [4, 4, 4, 4, 4, 4], [4, 4, 4, 1, 4, 2], [2, 1, 1, 1, 1, 2], [1, 1, 1, 1, 2, 2]], True] : [-0.1  0.   0.   0.   0.   0. ]
[[[0, 4, 4, 4, 4, 0], [4, 4, 4, 4, 4, 0], [4, 4, 4, 4, 4, 4], [4, 4, 4, 1, 4, 2], [2, 1, 1, 1, 1, 2], [1, 1, 1, 1, 2, 2]], True] : [-0.1 -0.1  0.   0.   0.   0. ]
[[[1, 2, 2, 2, 2, 5], [2, 2, 2, 2, 2, 2], [2, 2, 2, 2, 2, 2], [3, 3, 2, 2, 2, 2], [3, 3, 3, 2, 2, 4], [3, 3, 3, 4, 2, 2]], True] : [-0.1  0.   0.   0.   0.   0. ]
[[[0, 2, 2, 2, 2, 5], [2, 2, 2, 2, 2, 2], [2, 2, 2, 2, 2, 2], [3, 3, 2, 2, 2, 2], [3, 3, 3, 2, 2, 4], [3, 3, 3, 4, 2, 2]], True] : [-0.1 -0.1  0.   0.   0.   0. ]
[[[1, 4, 4, 4, 1, 4], [4, 4, 4, 4, 1, 1], [5, 5, 5, 4, 5, 1], [5, 5, 5, 5, 5, 5], [5, 5, 5, 5, 5, 1], [3, 5, 5, 5, 5, 5]], True] : [-0.1  0.   0.   0.   0.   0. ]
[[[0, 4, 4, 4, 1, 4], [4, 4, 4, 4, 1, 1], [5, 5, 5, 4, 5, 1], [5, 5, 5, 5, 5, 5], [5, 5, 5, 5, 5, 1], [3, 5, 5, 5, 5, 5]], True] : [-0.1 -0.1  0.   0.   0.   0. ]
[[[1, 0, 0, 5, 5, 1], [0, 0, 0, 5, 5, 5], [0, 0, 0, 0, 0, 5], [0, 0, 0, 0, 0, 0], [0, 0, 0, 0, 0, 0], [1, 0, 0, 0, 0, 5]], True] : [1.3 0.  0.  0.  0.  0. ]
[[[0, 0, 0, 5, 5, 1], [0, 0, 0, 5, 5, 5], [0, 0, 0, 0, 0, 5], [0, 0, 0, 0, 0, 0], [0, 0, 0, 0, 0, 0], [1, 0, 0, 0, 0, 5]], True] : [-0.1   0.05  0.    0.    0.    0.  ]
[[[1, 5, 1, 1, 1, 4], [1, 1, 1, 1, 1, 1], [1, 1, 1, 1, 1, 1], [1, 1, 1, 1, 1, 1], [1, 1, 1, 1, 1, 1], [4, 4, 1, 1, 1, 2]], True] : [-0.1  0.   0.   0.   0.   0. ]
[[[0, 5, 0, 0, 0, 4], [0, 0, 0, 0, 0, 0], [0, 0, 0, 0, 0, 0], [0, 0, 0, 0, 0, 0], [0, 0, 0, 0, 0, 0], [4, 4, 0, 0, 0, 2]], True] : [-0.1 -0.1  0.   0.   0.   0. ]
[[[1, 1, 1, 4, 4, 1], [1, 0, 0, 0, 4, 4], [0, 0, 0, 0, 0, 4], [3, 0, 0, 0, 0, 0], [4, 0, 0, 0, 0, 0], [5, 4, 4, 0, 0, 1]], True] : [1. 0. 0. 0. 0. 0.]
[[[0, 0, 0, 4, 4, 1], [0, 0, 0, 0, 4, 4], [0, 0, 0, 0, 0, 4], [3, 0, 0, 0, 0, 0], [4, 0, 0, 0, 0, 0], [5, 4, 4, 0, 0, 1]], True] : [-0.1 -0.1  0.   0.   0.   0. ]
[[[1, 4, 1, 4, 5, 5], [4, 4, 4, 5, 5, 5], [3, 4, 5, 5, 5, 5], [4, 4, 4, 5, 4, 4], [4, 4, 4, 4, 4, 4], [1, 4, 4, 4, 4, 1]], True] : [-0.1  0.   0.   0.   0.   0. ]
[[[0, 4, 1, 4, 5, 5], [4, 4, 4, 5, 5, 5], [3, 4, 5, 5, 5, 5], [4, 4, 4, 5, 4, 4], [4, 4, 4, 4, 4, 4], [1, 4, 4, 4, 4, 1]], True] : [-0.1 -0.1  0.   0.   0.   0. ]
[[[1, 4, 2, 2, 2, 4], [2, 2, 2, 2, 2, 2], [2, 2, 2, 2, 2, 2], [3, 3, 3, 2, 2, 2], [3, 3, 3, 2, 2, 3], [2, 3, 3, 3, 3, 2]], True] : [-0.1  0.   0.   0.   0.   0. ]
[[[0, 4, 2, 2, 2, 4], [2, 2, 2, 2, 2, 2], [2, 2, 2, 2, 2, 2], [3, 3, 3, 2, 2, 2], [3, 3, 3, 2, 2, 3], [2, 3, 3, 3, 3, 2]], True] : [-0.15  0.    0.    0.    0.    0.  ]
[[[0, 0, 1, 0, 0, 5], [0, 0, 0, 0, 0, 0], [0, 0, 0, 0, 0, 0], [0, 0, 0, 0, 0, 1], [0, 0, 0, 0, 0, 0], [0, 0, 0, 4, 0, 0]], True] : [-0.1  1.6  0.   0.   0.   0. ]
[[[1, 1, 1, 1, 1, 1], [1, 1, 1, 1, 1, 1], [1, 1, 1, 1, 1, 1], [5, 1, 1, 1, 1, 1], [1, 1, 1, 1, 1, 1], [3, 1, 1, 1, 1, 3]], True] : [-0.1 -0.1 -0.1  0.   0.   0. ]
[[[0, 0, 0, 0, 0, 0], [0, 0, 0, 0, 0, 0], [0, 0, 0, 0, 0, 0], [5, 0, 0, 0, 0, 0], [0, 0, 0, 0, 0, 0], [3, 0, 0, 0, 0, 3]], True] : [ 0.  -0.1  0.   0.   0.   0. ]
[[[2, 4, 4, 4, 1, 4], [4, 4, 4, 4, 4, 1], [4, 4, 4, 4, 1, 4], [4, 1, 1, 1, 1, 1], [3, 4, 1, 1, 1, 1], [0, 4, 1, 5, 1, 5]], True] : [-0.1  0.   0.   0.   0.   0. ]
[[[0, 4, 4, 4, 1, 4], [4, 4, 4, 4, 4, 1], [4, 4, 4, 4, 1, 4], [4, 1, 1, 1, 1, 1], [3, 4, 1, 1, 1, 1], [0, 4, 1, 5, 1, 5]], True] : [-0.1 -0.1  0.   0.   0.   0. ]
[[[1, 4, 1, 4, 4, 1], [1, 1, 1, 4, 4, 4], [1, 1, 1, 4, 0, 4], [1, 0, 0, 0, 0, 5], [0, 0, 0, 0, 0, 0], [3, 0, 0, 0, 0, 2]], True] : [0.75 0.   0.   0.   0.   0.  ]
[[[0, 4, 0, 4, 4, 1], [0, 0, 0, 4, 4, 4], [0, 0, 0, 4, 0, 4], [0, 0, 0, 0, 0, 5], [0, 0, 0, 0, 0, 0], [3, 0, 0, 0, 0, 2]], True] : [-0.1 -0.1  0.   0.   0.   0. ]
[[[1, 4, 4, 4, 4, 4], [4, 4, 4, 4, 4, 4], [4, 4, 4, 4, 4, 4], [5, 5, 5, 5, 4, 5], [5, 5, 5, 5, 5, 5], [2, 5, 5, 5, 5, 0]], True] : [-0.1  0.   0.   0.   0.   0. ]
[[[0, 4, 4, 4, 4, 4], [4, 4, 4, 4, 4, 4], [4, 4, 4, 4, 4, 4], [5, 5, 5, 5, 4, 5], [5, 5, 5, 5, 5, 5], [2, 5, 5, 5, 5, 0]], True] : [-0.1 -0.1  0.   0.   0.   0. ]
[[[1, 4, 1, 1, 1, 0], [4, 4, 4, 1, 1, 3], [4, 4, 4, 1, 1, 3], [5, 4, 4, 1, 1, 1], [1, 1, 1, 1, 1, 1], [3, 1, 1, 5, 1, 2]], True] : [-0.1  0.   0.   0.   0.   0. ]
[[[0, 4, 1, 1, 1, 0], [4, 4, 4, 1, 1, 3], [4, 4, 4, 1, 1, 3], [5, 4, 4, 1, 1, 1], [1, 1, 1, 1, 1, 1], [3, 1, 1, 5, 1, 2]], True] : [-0.1  0.   0.  -0.1  0.   0. ]
[[[3, 3, 3, 3, 0, 4], [3, 3, 3, 3, 3, 3], [3, 3, 3, 3, 3, 0], [3, 3, 3, 3, 3, 3], [3, 3, 3, 3, 3, 3], [1, 3, 3, 3, 3, 4]], True] : [0.1 0.  0.  0.  0.  0. ]
[[[0, 0, 0, 0, 0, 4], [0, 0, 0, 0, 0, 0], [0, 0, 0, 0, 0, 0], [0, 0, 0, 0, 0, 0], [0, 0, 0, 0, 0, 0], [1, 0, 0, 0, 0, 4]], True] : [-0.1 -0.1  0.   0.   0.   0. ]
[[[1, 1, 2, 1, 1, 2], [1, 1, 1, 1, 1, 1], [1, 1, 1, 1, 1, 1], [1, 1, 1, 1, 1, 1], [2, 1, 1, 1, 1, 1], [4, 1, 1, 1, 1, 4]], True] : [-0.1  0.   0.   0.   0.   0. ]
[[[0, 0, 2, 0, 0, 2], [0, 0, 0, 0, 0, 0], [0, 0, 0, 0, 0, 0], [0, 0, 0, 0, 0, 0], [2, 0, 0, 0, 0, 0], [4, 0, 0, 0, 0, 4]], True] : [-0.1 -0.1  0.   0.   0.   0. ]
[[[1, 2, 2, 2, 2, 5], [2, 2, 2, 2, 2, 2], [2, 2, 2, 2, 2, 2], [2, 2, 2, 2, 2, 2], [2, 2, 2, 2, 2, 2], [3, 2, 2, 5, 2, 4]], True] : [-0.1  0.   0.   0.   0.   0. ]
[[[0, 2, 2, 2, 2, 5], [2, 2, 2, 2, 2, 2], [2, 2, 2, 2, 2, 2], [2, 2, 2, 2, 2, 2], [2, 2, 2, 2, 2, 2], [3, 2, 2, 5, 2, 4]], True] : [-0.1 -0.1  0.   0.   0.   0. ]
[[[1, 3, 5, 2, 2, 1], [5, 5, 5, 2, 2, 2], [5, 5, 5, 5, 2, 2], [5, 5, 5, 2, 5, 5], [5, 5, 5, 5, 5, 2], [2, 5, 5, 5, 2, 4]], True] : [-0.1  0.   0.   0.   0.   0. ]
[[[0, 3, 5, 2, 2, 1], [5, 5, 5, 2, 2, 2], [5, 5, 5, 5, 2, 2], [5, 5, 5, 2, 5, 5], [5, 5, 5, 5, 5, 2], [2, 5, 5, 5, 2, 4]], True] : [-0.1 -0.1  0.   0.   0.   0. ]
[[[1, 3, 3, 3, 3, 3], [3, 3, 3, 3, 3, 3], [3, 3, 3, 3, 4, 4], [3, 3, 4, 4, 4, 4], [4, 4, 4, 4, 4, 4], [1, 4, 4, 4, 4, 0]], True] : [-0.1  0.   0.   0.   0.   0. ]
[[[0, 3, 3, 3, 3, 3], [3, 3, 3, 3, 3, 3], [3, 3, 3, 3, 4, 4], [3, 3, 4, 4, 4, 4], [4, 4, 4, 4, 4, 4], [1, 4, 4, 4, 4, 0]], True] : [-0.1  1.1  0.   0.   0.   0. ]
[[[1, 1, 1, 1, 1, 2], [1, 1, 1, 1, 1, 1], [1, 1, 1, 1, 0, 1], [1, 1, 1, 0, 0, 0], [1, 1, 1, 0, 0, 0], [4, 3, 1, 0, 0, 3]], True] : [0.45 0.   0.   0.   0.   0.  ]
[[[0, 0, 0, 0, 0, 2], [0, 0, 0, 0, 0, 0], [0, 0, 0, 0, 0, 0], [0, 0, 0, 0, 0, 0], [0, 0, 0, 0, 0, 0], [4, 3, 0, 0, 0, 3]], True] : [-0.1   0.15  0.    0.    0.    0.  ]
[[[1, 1, 1, 0, 0, 2], [1, 0, 0, 0, 0, 0], [0, 0, 0, 0, 0, 0], [1, 5, 5, 5, 5, 0], [5, 5, 5, 5, 5, 5], [1, 5, 1, 5, 5, 3]], True] : [0.7 0.  0.  0.  0.  0. ]
[[[0, 0, 0, 0, 0, 2], [0, 0, 0, 0, 0, 0], [0, 0, 0, 0, 0, 0], [1, 5, 5, 5, 5, 0], [5, 5, 5, 5, 5, 5], [1, 5, 1, 5, 5, 3]], True] : [-0.15  0.    0.    0.    0.    0.  ]
[[[0, 1, 1, 1, 1, 0], [1, 1, 1, 1, 1, 1], [1, 1, 1, 1, 1, 0], [3, 3, 3, 1, 0, 3], [3, 3, 3, 0, 0, 0], [0, 3, 3, 3, 0, 1]], True] : [-0.1 -0.1  0.   0.   0.   0. ]
[[[1, 4, 4, 4, 2, 1], [4, 4, 4, 4, 4, 2], [4, 4, 4, 4, 4, 4], [4, 4, 4, 4, 4, 4], [4, 4, 4, 4, 4, 4], [5, 4, 4, 4, 4, 0]], True] : [-0.1  0.   0.   0.   0.   0. ]
[[[0, 4, 4, 4, 2, 1], [4, 4, 4, 4, 4, 2], [4, 4, 4, 4, 4, 4], [4, 4, 4, 4, 4, 4], [4, 4, 4, 4, 4, 4], [5, 4, 4, 4, 4, 0]], True] : [-0.1   1.25  0.    0.    0.    0.  ]
[[[1, 1, 1, 1, 1, 4], [1, 1, 1, 1, 1, 1], [0, 1, 1, 1, 1, 1], [0, 1, 1, 1, 1, 1], [0, 0, 1, 1, 1, 1], [4, 0, 4, 4, 1, 4]], True] : [0.25 0.   0.   0.   0.   0.  ]
[[[0, 0, 0, 0, 0, 4], [0, 0, 0, 0, 0, 0], [0, 0, 0, 0, 0, 0], [0, 0, 0, 0, 0, 0], [0, 0, 0, 0, 0, 0], [4, 0, 4, 4, 0, 4]], True] : [-0.1 -0.1  0.   0.   0.   0. ]
[[[1, 1, 1, 1, 4, 5], [1, 1, 1, 1, 0, 0], [1, 1, 4, 1, 4, 4], [4, 1, 4, 4, 4, 4], [4, 4, 4, 4, 4, 4], [3, 4, 4, 3, 4, 3]], True] : [0.1 0.  0.  0.  0.  0. ]
[[[0, 0, 0, 0, 4, 5], [0, 0, 0, 0, 0, 0], [0, 0, 4, 0, 4, 4], [4, 0, 4, 4, 4, 4], [4, 4, 4, 4, 4, 4], [3, 4, 4, 3, 4, 3]], True] : [-0.1 -0.1  0.   0.   0.   0. ]
[[[1, 5, 5, 5, 5, 0], [5, 5, 5, 5, 5, 5], [5, 5, 5, 5, 0, 0], [0, 0, 0, 0, 0, 0], [5, 0, 0, 0, 0, 0], [1, 1, 0, 0, 0, 5]], True] : [-0.1  0.   0.   0.   0.   0. ]
[[[0, 5, 5, 5, 5, 0], [5, 5, 5, 5, 5, 5], [5, 5, 5, 5, 0, 0], [0, 0, 0, 0, 0, 0], [5, 0, 0, 0, 0, 0], [1, 1, 0, 0, 0, 5]], True] : [-0.1 -0.1  0.   0.   0.   0. ]
[[[1, 0, 0, 0, 2, 2], [0, 0, 0, 0, 2, 4], [0, 0, 0, 0, 0, 2], [0, 0, 0, 0, 0, 0], [0, 0, 0, 0, 0, 0], [3, 0, 0, 0, 0, 3]], True] : [-0.1 -0.1  0.   0.   0.   0. ]
[[[0, 0, 0, 1, 1, 1], [0, 0, 1, 1, 1, 1], [0, 0, 0, 0, 1, 1], [1, 1, 1, 0, 1, 1], [1, 1, 1, 1, 1, 1], [3, 1, 1, 1, 1, 3]], True] : [-0.1  1.   0.   0.   0.   0. ]
[[[1, 1, 1, 4, 4, 0], [1, 1, 1, 1, 4, 4], [1, 1, 1, 4, 4, 4], [1, 1, 1, 1, 4, 4], [2, 1, 1, 1, 1, 4], [5, 1, 1, 1, 2, 4]], True] : [-0.1  0.   0.   0.   0.   0. ]
[[[0, 0, 0, 4, 4, 0], [0, 0, 0, 0, 4, 4], [0, 0, 0, 4, 4, 4], [0, 0, 0, 0, 4, 4], [2, 0, 0, 0, 0, 4], [5, 0, 0, 0, 2, 4]], True] : [-0.1  0.3  0.   0.   0.   0. ]
[[[1, 1, 1, 0, 0, 5], [1, 1, 1, 0, 0, 0], [1, 0, 0, 0, 0, 3], [3, 0, 0, 0, 0, 0], [0, 0, 0, 0, 0, 0], [4, 3, 0, 0, 0, 5]], True] : [1.15 0.   0.   0.   0.   0.  ]
[[[0, 0, 0, 0, 0, 5], [0, 0, 0, 0, 0, 0], [0, 0, 0, 0, 0, 3], [3, 0, 0, 0, 0, 0], [0, 0, 0, 0, 0, 0], [4, 3, 0, 0, 0, 5]], True] : [0.  0.  0.  0.  0.  0.1]
[[[5, 5, 5, 5, 5, 5], [5, 5, 5, 5, 5, 5], [5, 5, 5, 5, 5, 3], [3, 5, 5, 5, 5, 5], [5, 5, 5, 5, 5, 5], [4, 3, 5, 5, 5, 5]], True] : [-0.1  0.   0.   0.   0.   0. ]
[[[0, 0, 0, 0, 0, 0], [0, 0, 0, 0, 0, 0], [0, 0, 0, 0, 0, 3], [3, 0, 0, 0, 0, 0], [0, 0, 0, 0, 0, 0], [4, 3, 0, 0, 0, 0]], True] : [-0.1 -0.1  0.   0.   0.   0. ]
[[[1, 1, 3, 1, 1, 3], [1, 1, 1, 1, 1, 1], [1, 1, 1, 1, 1, 1], [1, 1, 1, 1, 1, 1], [1, 1, 1, 1, 1, 1], [0, 1, 1, 1, 1, 5]], True] : [ 0.   0.   0.   0.  -0.1  0. ]
[[[4, 4, 3, 4, 4, 3], [4, 4, 4, 4, 4, 4], [4, 4, 4, 4, 4, 4], [4, 4, 4, 4, 4, 4], [4, 4, 4, 4, 4, 4], [0, 4, 4, 4, 4, 5]], True] : [0.05 0.   0.   0.   0.   0.  ]
[[[0, 0, 3, 0, 0, 3], [0, 0, 0, 0, 0, 0], [0, 0, 0, 0, 0, 0], [0, 0, 0, 0, 0, 0], [0, 0, 0, 0, 0, 0], [0, 0, 0, 0, 0, 5]], True] : [-0.1 -0.1  0.   0.   0.   0. ]
[[[1, 5, 0, 3, 0, 0], [5, 5, 5, 5, 5, 0], [5, 5, 5, 5, 5, 1], [5, 5, 5, 5, 5, 1], [2, 5, 5, 5, 5, 2], [4, 2, 5, 5, 2, 3]], True] : [-0.1  0.   0.   0.   0.   0. ]
[[[0, 5, 0, 3, 0, 0], [5, 5, 5, 5, 5, 0], [5, 5, 5, 5, 5, 1], [5, 5, 5, 5, 5, 1], [2, 5, 5, 5, 5, 2], [4, 2, 5, 5, 2, 3]], True] : [-0.1  0.8  0.   0.   0.   0. ]
[[[1, 1, 1, 1, 1, 4], [1, 1, 1, 1, 5, 4], [5, 1, 1, 5, 5, 5], [1, 1, 5, 5, 5, 5], [1, 1, 1, 5, 5, 5], [3, 1, 5, 5, 5, 0]], True] : [-0.1  0.   0.   0.   0.   0. ]
[[[0, 0, 0, 0, 0, 4], [0, 0, 0, 0, 5, 4], [5, 0, 0, 5, 5, 5], [0, 0, 5, 5, 5, 5], [0, 0, 0, 5, 5, 5], [3, 0, 5, 5, 5, 0]], True] : [-0.1 -0.1  0.   0.   0.   0. ]
[[[1, 2, 5, 2, 2, 0], [2, 2, 2, 2, 2, 2], [2, 2, 2, 2, 2, 2], [2, 2, 2, 2, 2, 2], [2, 2, 2, 2, 2, 2], [2, 2, 2, 2, 2, 5]], True] : [-0.1  0.   0.   0.   0.   0. ]
[[[0, 2, 5, 2, 2, 0], [2, 2, 2, 2, 2, 2], [2, 2, 2, 2, 2, 2], [2, 2, 2, 2, 2, 2], [2, 2, 2, 2, 2, 2], [2, 2, 2, 2, 2, 5]], True] : [-0.1 -0.1  0.   0.   0.  -0.1]
[[[5, 2, 5, 2, 2, 0], [2, 2, 2, 2, 2, 2], [2, 2, 2, 2, 2, 2], [2, 2, 2, 2, 2, 2], [2, 2, 2, 2, 2, 2], [2, 2, 2, 2, 2, 5]], True] : [-0.1  0.   0.   0.   0.   0. ]
[[[1, 2, 2, 2, 2, 2], [2, 2, 2, 2, 2, 2], [2, 2, 2, 2, 2, 3], [4, 4, 2, 2, 2, 2], [4, 4, 4, 4, 2, 2], [5, 4, 4, 3, 4, 4]], True] : [-0.1  0.   0.   0.   0.   0. ]
[[[0, 2, 2, 2, 2, 2], [2, 2, 2, 2, 2, 2], [2, 2, 2, 2, 2, 3], [4, 4, 2, 2, 2, 2], [4, 4, 4, 4, 2, 2], [5, 4, 4, 3, 4, 4]], True] : [-0.1 -0.1  0.   0.   0.   0. ]
[[[1, 1, 1, 1, 1, 4], [1, 1, 1, 1, 1, 1], [1, 1, 1, 1, 1, 1], [1, 1, 1, 1, 1, 1], [1, 1, 1, 1, 1, 1], [4, 1, 1, 1, 1, 2]], True] : [-0.1  0.   0.   0.   0.   0. ]
[[[0, 0, 0, 0, 0, 4], [0, 0, 0, 0, 0, 0], [0, 0, 0, 0, 0, 0], [0, 0, 0, 0, 0, 0], [0, 0, 0, 0, 0, 0], [4, 0, 0, 0, 0, 2]], True] : [-0.1 -0.1  0.   0.   0.   0. ]
[[[1, 5, 2, 2, 2, 3], [5, 5, 2, 2, 2, 2], [5, 5, 5, 2, 2, 5], [5, 5, 5, 2, 5, 5], [5, 5, 5, 5, 5, 5], [3, 1, 5, 5, 5, 3]], True] : [-0.1  0.   0.   0.   0.   0. ]
[[[0, 5, 2, 2, 2, 3], [5, 5, 2, 2, 2, 2], [5, 5, 5, 2, 2, 5], [5, 5, 5, 2, 5, 5], [5, 5, 5, 5, 5, 5], [3, 1, 5, 5, 5, 3]], True] : [-0.1 -0.1  0.   0.   0.   0. ]
[[[1, 3, 3, 3, 3, 3], [3, 3, 3, 3, 3, 3], [3, 0, 3, 3, 3, 0], [0, 0, 0, 3, 0, 0], [0, 0, 0, 0, 0, 0], [2, 0, 3, 0, 0, 1]], True] : [-0.1  0.   0.   0.   0.   0. ]
[[[0, 3, 3, 3, 3, 3], [3, 3, 3, 3, 3, 3], [3, 0, 3, 3, 3, 0], [0, 0, 0, 3, 0, 0], [0, 0, 0, 0, 0, 0], [2, 0, 3, 0, 0, 1]], True] : [-0.1  1.   0.   0.   0.   0. ]
[[[1, 1, 1, 1, 1, 3], [1, 1, 1, 1, 1, 1], [1, 1, 1, 1, 1, 1], [1, 1, 1, 1, 1, 1], [1, 1, 1, 1, 1, 1], [2, 1, 1, 0, 1, 4]], True] : [0.05 0.   0.   0.   0.   0.  ]
[[[0, 0, 0, 0, 0, 3], [0, 0, 0, 0, 0, 0], [0, 0, 0, 0, 0, 0], [0, 0, 0, 0, 0, 0], [0, 0, 0, 0, 0, 0], [2, 0, 0, 0, 0, 4]], True] : [-0.1 -0.1  0.   0.   0.   0. ]
[[[1, 4, 2, 2, 0, 4], [4, 2, 2, 2, 2, 2], [2, 4, 2, 2, 2, 2], [2, 2, 2, 2, 2, 2], [2, 2, 2, 2, 2, 2], [4, 2, 2, 2, 2, 3]], True] : [-0.1  0.   0.   0.   0.   0. ]
[[[0, 4, 2, 2, 0, 4], [4, 2, 2, 2, 2, 2], [2, 4, 2, 2, 2, 2], [2, 2, 2, 2, 2, 2], [2, 2, 2, 2, 2, 2], [4, 2, 2, 2, 2, 3]], True] : [-0.1 -0.1  0.   0.   0.   0. ]
[[[1, 4, 5, 5, 4, 3], [4, 5, 5, 5, 5, 4], [5, 5, 5, 5, 5, 4], [4, 5, 5, 5, 5, 4], [2, 4, 5, 5, 5, 5], [1, 4, 4, 4, 5, 0]], True] : [-0.1  0.   0.   0.   0.   0. ]
[[[0, 4, 5, 5, 4, 3], [4, 5, 5, 5, 5, 4], [5, 5, 5, 5, 5, 4], [4, 5, 5, 5, 5, 4], [2, 4, 5, 5, 5, 5], [1, 4, 4, 4, 5, 0]], True] : [-0.1 -0.1  0.   0.   0.   0. ]
[[[1, 0, 0, 0, 0, 2], [0, 0, 0, 0, 0, 0], [0, 0, 0, 0, 0, 0], [0, 0, 0, 0, 0, 0], [0, 0, 0, 0, 0, 3], [5, 0, 0, 0, 0, 1]], True] : [1.55 0.   0.   0.   0.   0.  ]
[[[0, 0, 0, 0, 0, 2], [0, 0, 0, 0, 0, 0], [0, 0, 0, 0, 0, 0], [0, 0, 0, 0, 0, 0], [0, 0, 0, 0, 0, 3], [5, 0, 0, 0, 0, 1]], True] : [-0.1 -0.1  0.   0.   0.   0. ]
[[[1, 0, 0, 0, 1, 2], [0, 0, 0, 0, 0, 0], [4, 0, 4, 0, 0, 0], [4, 4, 4, 0, 0, 0], [4, 4, 4, 0, 0, 0], [1, 4, 4, 4, 0, 3]], True] : [1. 0. 0. 0. 0. 0.]
[[[0, 0, 0, 0, 1, 2], [0, 0, 0, 0, 0, 0], [4, 0, 4, 0, 0, 0], [4, 4, 4, 0, 0, 0], [4, 4, 4, 0, 0, 0], [1, 4, 4, 4, 0, 3]], True] : [-0.1 -0.1  0.   0.   0.   0. ]
[[[1, 2, 2, 2, 2, 0], [2, 0, 0, 2, 2, 2], [0, 0, 0, 0, 0, 0], [0, 0, 0, 0, 0, 5], [0, 0, 0, 0, 0, 1], [4, 0, 0, 0, 1, 5]], True] : [-0.1  0.   0.   0.   0.   0. ]
[[[0, 2, 2, 2, 2, 0], [2, 0, 0, 2, 2, 2], [0, 0, 0, 0, 0, 0], [0, 0, 0, 0, 0, 5], [0, 0, 0, 0, 0, 1], [4, 0, 0, 0, 1, 5]], True] : [-0.1 -0.1  0.   0.   0.   0. ]
[[[1, 0, 0, 0, 2, 3], [2, 0, 0, 2, 0, 2], [0, 0, 2, 2, 2, 2], [0, 0, 0, 2, 2, 2], [2, 0, 0, 2, 2, 2], [3, 2, 2, 5, 2, 3]], True] : [0.6 0.  0.  0.  0.  0. ]
[[[0, 0, 0, 0, 2, 3], [2, 0, 0, 2, 0, 2], [0, 0, 2, 2, 2, 2], [0, 0, 0, 2, 2, 2], [2, 0, 0, 2, 2, 2], [3, 2, 2, 5, 2, 3]], True] : [-0.1   0.    0.    0.    0.    1.05]
[[[5, 5, 5, 1, 1, 5], [1, 1, 5, 5, 1, 1], [1, 1, 5, 5, 5, 5], [1, 5, 5, 5, 5, 2], [0, 5, 5, 5, 5, 5], [1, 5, 5, 5, 5, 3]], True] : [0.05 0.   0.   0.   0.   0.  ]
[[[0, 0, 0, 1, 1, 5], [1, 1, 0, 0, 1, 1], [1, 1, 0, 0, 0, 0], [1, 0, 0, 0, 0, 2], [0, 0, 0, 0, 0, 0], [1, 0, 0, 0, 0, 3]], True] : [-0.1 -0.1  0.   0.   0.   0. ]
[[[1, 2, 2, 2, 2, 3], [2, 2, 2, 2, 2, 2], [2, 2, 2, 2, 3, 2], [2, 2, 2, 2, 3, 3], [0, 2, 2, 3, 3, 3], [3, 0, 2, 3, 3, 5]], True] : [-0.1  0.   0.   0.   0.   0. ]
[[[0, 2, 2, 2, 2, 3], [2, 2, 2, 2, 2, 2], [2, 2, 2, 2, 3, 2], [2, 2, 2, 2, 3, 3], [0, 2, 2, 3, 3, 3], [3, 0, 2, 3, 3, 5]], True] : [-0.1  0.5  0.   0.   0.   0. ]
[[[1, 1, 1, 1, 5, 4], [1, 5, 1, 1, 1, 5], [1, 5, 5, 1, 1, 5], [5, 1, 1, 5, 5, 5], [1, 1, 1, 1, 5, 5], [4, 1, 1, 1, 5, 3]], True] : [-0.1  0.   0.   0.   0.   0. ]
[[[0, 0, 0, 0, 5, 4], [0, 5, 0, 0, 0, 5], [0, 5, 5, 0, 0, 5], [5, 1, 1, 5, 5, 5], [1, 1, 1, 1, 5, 5], [4, 1, 1, 1, 5, 3]], True] : [-0.1   0.65  0.    0.    0.    0.  ]
[[[1, 1, 1, 0, 0, 5], [1, 1, 1, 1, 0, 0], [1, 1, 1, 0, 0, 0], [1, 1, 1, 0, 0, 0], [3, 1, 0, 0, 0, 0], [4, 3, 0, 0, 0, 2]], True] : [0.85 0.   0.   0.   0.   0.  ]
[[[0, 0, 0, 0, 0, 5], [0, 0, 0, 0, 0, 0], [0, 0, 0, 0, 0, 0], [0, 0, 0, 0, 0, 0], [3, 0, 0, 0, 0, 0], [4, 3, 0, 0, 0, 2]], True] : [-0.1 -0.1  0.   0.   0.   0. ]
[[[1, 4, 3, 4, 3, 0], [4, 4, 4, 4, 4, 4], [4, 4, 4, 4, 4, 4], [4, 4, 4, 4, 4, 4], [4, 4, 4, 4, 4, 4], [2, 4, 4, 4, 4, 1]], True] : [ 0.   0.   0.  -0.1  0.   0. ]
[[[3, 4, 3, 4, 3, 0], [4, 4, 4, 4, 4, 4], [4, 4, 4, 4, 4, 4], [4, 4, 4, 4, 4, 4], [4, 4, 4, 4, 4, 4], [2, 4, 4, 4, 4, 1]], True] : [-0.1  0.   0.   0.   0.   0. ]
[[[0, 4, 3, 4, 3, 0], [4, 4, 4, 4, 4, 4], [4, 4, 4, 4, 4, 4], [4, 4, 4, 4, 4, 4], [4, 4, 4, 4, 4, 4], [2, 4, 4, 4, 4, 1]], True] : [-0.1 -0.1  0.   0.   0.   0. ]
[[[1, 3, 3, 3, 3, 1], [3, 3, 3, 3, 3, 3], [1, 3, 3, 3, 3, 3], [4, 3, 3, 3, 3, 3], [3, 3, 3, 3, 3, 3], [0, 3, 3, 3, 3, 5]], True] : [-0.1  0.   0.   0.   0.   0. ]
[[[0, 3, 3, 3, 3, 1], [3, 3, 3, 3, 3, 3], [1, 3, 3, 3, 3, 3], [4, 3, 3, 3, 3, 3], [3, 3, 3, 3, 3, 3], [0, 3, 3, 3, 3, 5]], True] : [-0.1 -0.1  0.   0.   0.   0. ]
[[[1, 5, 5, 1, 3, 5], [5, 5, 1, 3, 3, 3], [5, 5, 1, 1, 1, 3], [5, 5, 1, 1, 1, 1], [5, 5, 1, 1, 1, 1], [4, 5, 1, 1, 1, 5]], True] : [-0.1  0.   0.   0.   0.   0. ]
[[[0, 5, 5, 1, 3, 5], [5, 5, 1, 3, 3, 3], [5, 5, 1, 1, 1, 3], [5, 5, 1, 1, 1, 1], [5, 5, 1, 1, 1, 1], [4, 5, 1, 1, 1, 5]], True] : [-0.1 -0.1  0.   0.   0.   0. ]
[[[1, 1, 0, 4, 4, 3], [4, 4, 4, 4, 4, 4], [4, 4, 4, 4, 4, 4], [4, 4, 4, 4, 4, 4], [2, 4, 4, 4, 4, 1], [1, 4, 4, 4, 4, 5]], True] : [0.05 0.   0.   0.   0.   0.  ]
[[[0, 0, 0, 4, 4, 3], [4, 4, 4, 4, 4, 4], [4, 4, 4, 4, 4, 4], [4, 4, 4, 4, 4, 4], [2, 4, 4, 4, 4, 1], [1, 4, 4, 4, 4, 5]], True] : [-0.1 -0.1  0.   0.   0.   0. ]
[[[1, 1, 1, 5, 1, 5], [1, 1, 1, 1, 1, 1], [1, 0, 1, 1, 1, 1], [0, 0, 0, 1, 1, 1], [0, 0, 0, 0, 1, 2], [0, 0, 0, 2, 2, 1]], True] : [0.55 0.   0.   0.   0.   0.  ]
[[[0, 0, 0, 5, 0, 5], [0, 0, 0, 0, 0, 0], [0, 0, 0, 0, 0, 0], [0, 0, 0, 0, 0, 0], [0, 0, 0, 0, 0, 2], [0, 0, 0, 2, 2, 1]], True] : [-0.1 -0.1  0.   0.   0.   0. ]
[[[1, 0, 0, 0, 0, 3], [0, 0, 0, 0, 0, 0], [0, 0, 0, 0, 0, 0], [0, 0, 0, 0, 0, 0], [0, 0, 0, 0, 4, 4], [3, 1, 4, 4, 4, 1]], True] : [1.3 0.  0.  0.  0.  0. ]
[[[0, 0, 0, 0, 0, 3], [0, 0, 0, 0, 0, 0], [0, 0, 0, 0, 0, 0], [0, 0, 0, 0, 0, 0], [0, 0, 0, 0, 4, 4], [3, 1, 4, 4, 4, 1]], True] : [-0.15  0.    0.    0.    0.    0.  ]
[[[0, 2, 2, 4, 3, 4], [0, 2, 4, 4, 4, 3], [4, 2, 2, 4, 4, 4], [2, 2, 2, 4, 4, 4], [2, 2, 2, 4, 4, 4], [1, 2, 1, 4, 4, 5]], True] : [-0.1   0.05  0.    0.    0.    0.  ]
[[[1, 1, 1, 1, 1, 2], [1, 1, 1, 1, 1, 1], [1, 1, 1, 1, 1, 1], [2, 1, 1, 1, 1, 1], [1, 1, 1, 1, 1, 1], [1, 1, 1, 1, 1, 4]], True] : [-0.1  0.   0.   0.   0.   0. ]
[[[0, 0, 0, 0, 0, 2], [0, 0, 0, 0, 0, 0], [0, 0, 0, 0, 0, 0], [2, 0, 0, 0, 0, 0], [0, 0, 0, 0, 0, 0], [0, 0, 0, 0, 0, 4]], True] : [-0.1 -0.1  0.   0.   0.   0. ]
[[[1, 0, 0, 2, 0, 5], [0, 0, 0, 0, 0, 0], [0, 0, 0, 0, 0, 4], [4, 0, 0, 0, 0, 3], [3, 0, 0, 0, 0, 0], [5, 4, 0, 3, 1, 1]], True] : [1.2 0.  0.  0.  0.  0. ]
[[[0, 0, 0, 2, 0, 5], [0, 0, 0, 0, 0, 0], [0, 0, 0, 0, 0, 4], [4, 0, 0, 0, 0, 3], [3, 0, 0, 0, 0, 0], [5, 4, 0, 3, 1, 1]], True] : [0.  0.1 0.  0.  0.  0. ]
[[[1, 1, 1, 2, 1, 5], [1, 1, 1, 1, 1, 1], [1, 1, 1, 1, 1, 4], [4, 1, 1, 1, 1, 3], [3, 1, 1, 1, 1, 1], [5, 4, 1, 3, 1, 1]], True] : [-0.1  0.   0.   0.   0.   0. ]
[[[0, 0, 0, 2, 0, 5], [0, 0, 0, 0, 0, 0], [0, 0, 0, 0, 0, 4], [4, 0, 0, 0, 0, 3], [3, 0, 0, 0, 0, 0], [5, 4, 0, 3, 0, 0]], True] : [0.   0.   0.   0.   0.   0.05]
[[[5, 5, 5, 2, 5, 5], [5, 5, 5, 5, 5, 5], [5, 5, 5, 5, 5, 4], [4, 5, 5, 5, 5, 3], [3, 5, 5, 5, 5, 5], [5, 4, 5, 3, 5, 5]], True] : [-0.1  0.   0.   0.   0.   0. ]
[[[0, 0, 0, 2, 0, 0], [0, 0, 0, 0, 0, 0], [0, 0, 0, 0, 0, 4], [4, 0, 0, 0, 0, 3], [3, 0, 0, 0, 0, 0], [5, 4, 0, 3, 0, 0]], True] : [-0.1 -0.1  0.   0.   0.   0. ]
[[[1, 5, 4, 5, 5, 4], [5, 5, 5, 5, 5, 5], [4, 5, 5, 5, 5, 5], [4, 4, 5, 5, 5, 5], [3, 5, 5, 5, 5, 5], [2, 3, 5, 5, 5, 0]], True] : [-0.1 -0.1 -0.1  0.   0.   0. ]
[[[0, 5, 4, 5, 5, 4], [5, 5, 5, 5, 5, 5], [4, 5, 5, 5, 5, 5], [4, 4, 5, 5, 5, 5], [3, 5, 5, 5, 5, 5], [2, 3, 5, 5, 5, 0]], True] : [ 0.  -0.1  0.   0.   0.   0. ]
[[[2, 4, 4, 4, 4, 5], [1, 4, 4, 4, 4, 4], [4, 4, 4, 4, 1, 1], [4, 4, 3, 3, 3, 3], [4, 3, 3, 3, 3, 3], [0, 4, 3, 3, 5, 4]], True] : [-0.1  0.   0.   0.   0.   0. ]
[[[0, 4, 4, 4, 4, 5], [1, 4, 4, 4, 4, 4], [4, 4, 4, 4, 1, 1], [4, 4, 3, 3, 3, 3], [4, 3, 3, 3, 3, 3], [0, 4, 3, 3, 5, 4]], True] : [-0.1  0.  -0.1  0.   0.   0. ]
[[[2, 3, 0, 0, 0, 1], [3, 3, 0, 0, 0, 2], [3, 0, 0, 0, 0, 0], [3, 3, 3, 0, 0, 3], [0, 3, 0, 0, 0, 3], [2, 0, 3, 0, 3, 1]], True] : [-0.1  0.   0.   0.   0.   0. ]
[[[0, 3, 0, 0, 0, 1], [3, 3, 0, 0, 0, 2], [3, 0, 0, 0, 0, 0], [3, 3, 3, 0, 0, 3], [0, 3, 0, 0, 0, 3], [2, 0, 3, 0, 3, 1]], True] : [-0.1 -0.1  0.   0.   0.   0. ]
[[[1, 1, 1, 0, 3, 3], [1, 1, 3, 1, 3, 3], [1, 3, 3, 3, 3, 3], [3, 1, 1, 3, 3, 2], [3, 3, 3, 3, 3, 2], [2, 3, 3, 3, 2, 3]], True] : [0.05 0.   0.   0.   0.   0.  ]
[[[0, 0, 0, 0, 3, 3], [0, 0, 3, 1, 3, 3], [0, 3, 3, 3, 3, 3], [3, 1, 1, 3, 3, 2], [3, 3, 3, 3, 3, 2], [2, 3, 3, 3, 2, 3]], True] : [-0.1 -0.1  0.   0.   0.   0. ]
[[[1, 0, 2, 2, 5, 2], [3, 2, 2, 2, 2, 5], [3, 2, 2, 2, 2, 5], [2, 2, 2, 2, 2, 2], [3, 2, 2, 2, 2, 5], [5, 3, 5, 2, 2, 4]], True] : [0.05 0.   0.   0.   0.   0.  ]
[[[0, 0, 2, 2, 5, 2], [3, 2, 2, 2, 2, 5], [3, 2, 2, 2, 2, 5], [2, 2, 2, 2, 2, 2], [3, 2, 2, 2, 2, 5], [5, 3, 5, 2, 2, 4]], True] : [-0.1 -0.1  0.   0.   0.   0. ]
[[[1, 4, 4, 0, 0, 2], [4, 4, 4, 0, 0, 0], [4, 4, 4, 4, 0, 0], [4, 4, 4, 4, 4, 0], [4, 4, 4, 4, 4, 4], [4, 4, 4, 4, 0, 2]], True] : [-0.1  0.   0.   0.   0.   0. ]
[[[0, 4, 4, 0, 0, 2], [4, 4, 4, 0, 0, 0], [4, 4, 4, 4, 0, 0], [4, 4, 4, 4, 4, 0], [4, 4, 4, 4, 4, 4], [4, 4, 4, 4, 0, 2]], True] : [-0.1   0.05  0.    0.    0.    0.  ]
[[[1, 1, 5, 5, 1, 0], [0, 0, 5, 5, 5, 1], [0, 0, 5, 5, 5, 5], [0, 0, 5, 5, 5, 5], [4, 5, 5, 5, 5, 5], [5, 5, 5, 5, 5, 4]], True] : [0.3 0.  0.  0.  0.  0. ]
[[[0, 0, 5, 5, 1, 0], [0, 0, 5, 5, 5, 1], [0, 0, 5, 5, 5, 5], [0, 0, 5, 5, 5, 5], [4, 5, 5, 5, 5, 5], [5, 5, 5, 5, 5, 4]], True] : [-0.1  0.   0.   0.   0.   0. ]
